48 0 0 47 47
001001101110110010000111001100110011010100100110
010001010010001000111100000100101010110010010010
101101101000000000100101001100101011000010000000
101000000100011000100011110000000100100100010011
110111001010000001010010100001001110100100101101
101101010001100100100101101001100000010000110010
000000010100101001001001111000000000000101101000
100100010111001000010001111110100100110011100111
000000100101000110001011110011000100110111000000
100100001001111000101010111100111111001101011111
000000001001010000001010000001011010101100101010
001000110000100100100101000000011100011000011011
111001100110001101010100001110100001011001000000
101111100111100000100001101101000100010011011000
101000010111110010011111010001100110100010001111
001000100000001000000111101010100011000110010100
000100010000001001000000000110001000100000000000
100111111011011010000010010100000001000100100011
010011110010011010100011000110111010001001100100
110110010101011110110111000101011001111011001001
000100111100110000100001011000111001101110011010
100000011001010010110010010011011001100111111000
101010110001000010100100110111110000000011111001
010011101000000001101100110110100000100001010100
011111000000101110101110110011110101010011010110
100010010001000000001010010101000001100001000010
111000000000000000011010001100111111010110001100
110110110000110000001100010100100000100100100011
110110001000100001000001101100001000010000011001
000110110100101011100111010100110000100000000000
000100100101101000000110101000111011110111001001
101110011010111100100101110000100000000000110000
010111100000011010101001001000100011000100000000
101101110000010101000000111111101000010001011010
100100111111000010000011000110011111100111100100
101000011000010000011001110000010000000000100000
111001110000111010010000110101100000100000000010
010000100000100010001110110110001110000110001110
000101011001010100011111010010101001100001001000
001111101111001111110001010000000000000010000111
010001010011100000001001001110000110011111001100
110000011010011000010110110011100011000000000000
010001001010100011001001000010011101101001000011
001100100000010011000000100010001100100101011010
000101100010111110010001110101000000011000100110
010000111000000000001001100000011001000000111100
101100011000000100010011101010011000101010000001
011010011110100011000011000001000101000010001100
