48 0 0 47 47
001001000000110000000010001000000000010000100000
010000000000001000011100000100000010000010000000
100101101000000000100100000100000011000010000000
000000000000010000100001000000000000100000010000
000110001000000000010010000001001000000000000000
100101000000100100100100001001000000010000100010
000000000100001001001001111000000000000100000000
000000010010001000010001011000000100010001000110
000000000001000110001011000000000100100010000000
100000001001001000001010100000100001000100000100
000000001001000000000000000000011010101000001000
001000100000000000100100000000010000000000001001
110001000110001000010100000000000000000001000000
001100000101000000100001000100000100000010000000
000000010010010010010101000000100010000010001000
001000100000001000000101000010100011000010010000
000100010000001001000000000110000000100000000000
000010001011011010000000010000000001000100100010
000000000000011010000011000110101010000000100100
110100000101000100000111000001001001010001000001
000000010000010000100000001000111000000110000010
000000010001000000100010010000001001000000011000
001000110001000010000100100110000000000001000000
010001001000000000001000000000100000100001010100
001000000000101010101010110000110000010001010110
000010010001000000001010010101000001000000000000
101000000000000000001000000100011110010100001000
110010000000010000001100010000100000000000100000
100110001000100000000000100100000000010000010000
000010010100001010100000010000010000000000000000
000000100000101000000000101000100010100001001001
000010010000111000000001110000100000000000110000
000101000000001000000001001000100011000100000000
000001110000000100000000100101101000000001001000
000100000000000010000010000010001110000010000000
001000001000010000010001010000000000000000100000
010001110000101000010000000100100000000000000000
010000000000100010000110010000001100000000001000
000100011001000000011100010000101001000001001000
000011001011000001010000000000000000000010000111
000000000011000000001000000100000010001111000100
000000000010010000010110110001000011000000000000
000000001010000011001001000000011001000000000001
000100000000000011000000000000001000000101000010
000000100000110100000000010101000000000000100010
000000001000000000000001100000010001000000100000
101000000000000000000001000010000000101000000001
010000010000100011000011000001000000000010000000
