48 0 0 47 47
001001000000110000000010001000000000010000100000
010000000000001000011000000100000010000010000000
100101101000000000100000000100000011000010000000
000000000000010000000001000000000000100000010000
000110000000000000010010000000001000000000000000
100101000000100100100100000001000000010000100010
000000000000001001001001011000000000000100000000
000000000000001000010000001000000000000001000110
000000000000000100001011000000000000100010000000
100000000001001000001000000000000000000000000100
000000001001000000000000000000010010101000001000
001000100000000000100000000000010000000000001000
010001000110001000010000000000000000000001000000
001100000001000000000000000100000100000000000000
000000010000010010010001000000000010000010001000
001000000000000000000001000010100001000000010000
000100010000000001000000000110000000100000000000
000010001011011010000000010000000001000100100010
000000000000011010000010000110101010000000100100
110100000101000100000111000001001001010001000001
000000010000010000000000001000110000000110000010
000000000001000000000010010000001001000000001000
001000000001000010000000100110000000000001000000
010001001000000000001000000000100000100001000100
001000000000100010001000100000000000010001010110
000010010000000000000010010001000001000000000000
000000000000000000000000000000011010000100001000
010000000000010000001100000000100000000000000000
000110001000100000000000100100000000010000010000
000010010100001010100000010000010000000000000000
000000100000000000000000101000100010000000001001
000010000000111000000000010000100000000000110000
000101000000001000000001001000100000000100000000
000001110000000000000000000001000000000001000000
000100000000000010000000000010001100000010000000
001000000000000000010001000000000000000000000000
010001110000101000010000000000100000000000000000
010000000000100010000110000000000100000000001000
000100001001000000011000000000101001000001001000
000011000011000001010000000000000000000010000111
000000000011000000001000000000000010001111000000
000000000010010000010110110001000011000000000000
000000001000000010001001000000001001000000000001
000000000000000011000000000000000000000100000010
000000100000110100000000010100000000000000000000
000000001000000000000000000000010001000000100000
001000000000000000000001000010000000101000000001
010000000000100010000011000001000000000010000000
