48 0 0 47 47
000001000000110000000000001000000000010000100000
010000000000000000011000000000000010000000000000
100101001000000000000000000000000010000000000000
000000000000010000000001000000000000100000000000
000010000000000000000010000000001000000000000000
000000000000000100100000000000000000000000100000
000000000000001001001001001000000000000000000000
000000000000001000000000001000000000000001000100
000000000000000000001011000000000000100010000000
100000000001001000000000000000000000000000000000
000000001001000000000000000000010010001000000000
001000100000000000100000000000010000000000001000
010001000110001000010000000000000000000001000000
001100000001000000000000000100000100000000000000
000000010000000010010001000000000000000010000000
001000000000000000000001000000100000000000000000
000000010000000000000000000110000000100000000000
000010001011000010000000010000000000000000100010
000000000000011010000010000000101000000000000100
010100000101000100000111000000001000010001000000
000000010000010000000000001000010000000000000010
000000000000000000000000010000000001000000001000
000000000001000010000000100100000000000001000000
000000001000000000000000000000000000100001000100
000000000000100010001000000000000000010001010110
000010000000000000000010000001000001000000000000
000000000000000000000000000000001010000100000000
000000000000010000001000000000100000000000000000
000010001000100000000000000000000000010000010000
000010000000001010000000010000010000000000000000
000000100000000000000000100000000000000000000000
000010000000111000000000000000100000000000010000
000101000000001000000000001000000000000100000000
000000010000000000000000000001000000000001000000
000100000000000010000000000010001100000010000000
001000000000000000010001000000000000000000000000
010001010000100000000000000000100000000000000000
010000000000000010000110000000000000000000000000
000000001001000000011000000000000000000000000000
000011000010000001010000000000000000000000000111
000000000010000000001000000000000010001011000000
000000000000010000010110100001000011000000000000
000000000000000000000000000000001000000000000001
000000000000000010000000000000000000000000000000
001000000000110100010000000100010000000000000000
000000000000001000100000000000010001000000000000
000010000001100000000001010000000000001001000000
010000000000000000000000001000000000000000001000
