48 0 0 47 47
001001001110110010000111001100100000010000100110
010001010010001000111100000100101010110010010010
101101101000000000100100001100000011000010000000
101000000000011000100011110000000000100100010011
110111001000000001010010100001001110100000100000
101101000001100100100101101001100000010000110010
000000010100101001001001111000000000000100101000
100100010111001000010001011110000100010001100111
000000100101000110001011110000000100110011000000
100100001001101000101010111000101111001101010100
000000001001000000001010000000011010101100101010
001000110000100000100101000000010100010000001011
111001100110001100010100001110100001001001000000
101111000111100000100001001101000100010011011000
101000010111010010011101010000100110100010001110
001000100000001000000111101010100011000110010000
000100010000001001000000000110001000100000000000
100110111011011010000010010000000001000100100011
000011110010011010100011000110111010000001100100
110110010101010110010111000101011001111001001001
000100111000110000100001001000111000001110011010
100000011001010010100010010011011001100011111000
101000110001000010000100110111100000000011100000
010001101000000001001100110110100000100001010100
011111000000101110101010110011110101010011010110
100010010001000000001010010101000001000001000000
101000000000000000001010001100111111010110001100
110110100000110000001100010100100000000100100011
110110001000100001000001101100001000010000011001
000110110100101011100111010100110000100000000000
000000100101101000000110101000111011110011001001
000110011010111000000001110000100000000000110000
010101100000011010101001001000100011000100000000
101101110000010101000000110111101000010001011000
000100111011000010000010000010001111100111100100
101000011000010000010001110000010000000000100000
111001110000111010010000010101100000000000000000
010000100000100010001110110010001110000010001000
000101011001010100011100010010101001100001001000
000111101111001111010001000000000000000010000111
010001010011100000001000001100000110011111000100
110000011010010000010110110011100011000000000000
010000001010100011001001000010011101101001000001
001100100000010011000000100000001100100101011010
000101100010111110010001110101000000010000100110
010000111000000000001001100000011001000000110100
101100001000000100010011001010011000101010000001
010010010110100011000011000001000101000010000100
