48 0 0 47 47
001001000010110000000010001000000000010000100100
010000010000001000011100000100001010100010000010
100101101000000000100100001100000011000010000000
001000000000010000100001000000000000100100010001
100110001000000001010010000001001100000000100000
100101000000100100100101001001000000010000100010
000000010100001001001001111000000000000100001000
000100010111001000010001011000000100010001000111
000000100101000110001011000000000100100011000000
100100001001101000001010101000101001000101000100
000000001001000000000000000000011010101000001000
001000100000000000100100000000010000000000001001
111001000110001000010100000110000001001001000000
001100000101100000100001000100000100000010000000
000000010111010010010101010000100010000010001000
001000100000001000000101000010100011000010010000
000100010000001001000000000110001000100000000000
000010111011011010000000010000000001000100100011
000001010000011010000011000110101010000000100100
110100000101010100000111000001001001011001001001
000000010000110000100000001000111000000110010010
100000010001000010100010010010001001000001011000
101000110001000010000100100110000000000001100000
010001001000000001001000010000100000100001010100
001000000000101110101010110000110000010001010110
000010010001000000001010010101000001000000000000
101000000000000000001000000100111110010110001000
110010100000110000001100010100100000000000100000
100110001000100000000000100100000000010000010000
000110110100101010100100010100010000100000000000
000000100000101000000010101000101011100011001001
000010011010111000000001110000100000000000110000
000101000000001000000001001000100011000100000000
000101110000000100000000100101101000010001001000
000100100000000010000010000010001110000111000100
101000011000010000010001110000000000000000100000
010001110000101000010000010100100000000000000000
010000000000100010001110110000001100000000001000
000101011001000000011100010010101001000001001000
000011101011001101010000000000000000000010000111
000000010011100000001000000100000110011111000100
010000001010010000010110110001100011000000000000
000000001010100011001001000000011001000000000001
000100000000000011000000000000001000000101010010
000000100000110100000000010101000000010000100110
000000101000000000000001100000011001000000110000
101100000000000100010011001010000000101010000001
010010010100100011000011000001000000000010000100
