48 0 0 47 47
000001000000000000000000001000000000000000000000
010000000000000000001000000000000000000000000000
100001001000000000000000000000000000000000000000
000000000000000000000001000000000000100000000000
000010000000000000000010000000001000000000000000
000000000000000000100000000000000000000000000000
000000000000001001001000000000000000000000000000
000000000000000000000000000000000000000000000100
000000000000000000001011000000000000100010000000
000000000000001000000000000000000000000000000000
000000001001000000000000000000000000001000000000
000000100000000000100000000000010000000000000000
010000000110000000000000000000000000000000000000
000000000000000000000000000000000100000000000000
000000010000000000000000000000000000000000000000
001000000000000000000000000000100000000000000000
000000000000000000000000000010000000000000000000
000010001011000010000000010000000000000000100010
000000000000000000000000000000100000000000000100
000000000001000000000111000000000000010000000000
000000000000000000000000001000010000000000000000
000000000000000000000000010000000000000000001000
000000000000000000000000000000000000000001000000
000000000000000000000000000000000000000000000100
000000000000000000001000000000000000000001000110
000010000000000000000010000001000001000000000000
000000000000000000000000000000000000000100000000
000000000000010000000000000000100000000000000000
000010000000100000000000000000000000010000000000
000010000000000010000000000000010000000000000000
000000100000000000000000100000000000000000000000
000010000000011000000000000000100000000000000000
000101000000000000000000001000000000000000000000
000000000000000000000000000001000000000001000000
000100000000000000000000000000000000000010000000
000000000000000000010001000000000000000000000000
000000000000000000000000000000100000000000000000
000000000000000010000000000000000000000000000000
000000000000000000010000000000000000000000000000
000001000000000000010000000000000000000000000111
000000000010000000000000000000000000000010000000
000000000000000000010010100001000001000000000000
000000000000000000000000000000000000000000000001
000000000000000000000000000000000000000000000000
000000000000010100000000000000000000000000000000
000000000000000000000000000000010001000000000000
000000000000000000000001000000000000001001000000
000000000000000000000000001000000000000000001000
