48 0 0 47 47
001001001110110010000011001000100000010000100100
010000010010001000011100000100001010100010010010
101101101000000000100100001100000011000010000000
101000000000010000100011110000000000100100010001
110111001000000001010010100001001110100000100000
101101000000100100100101101001100000010000100010
000000010100101001001001111000000000000100101000
100100010111001000010001011000000100010001000111
000000100101000110001011010000000100110011000000
100100001001101000001010101000101001000101010100
000000001001000000001010000000011010101000001000
001000100000100000100101000000010000010000001001
111001000110001100010100001110100001001001000000
001100000101100000100001001101000100000010001000
000000010111010010011101010000100110000010001010
001000100000001000000111001010100011000110010000
000100010000001001000000000110001000100000000000
000110111011011010000010010000000001000100100011
000001110010011010000011000110111010000001100100
110110000101010100000111000101011001111001001001
000000011000110000100001001000111000001110011010
100000010001000010100010010010001001000011011000
101000110001000010000100110110000000000011100000
010001101000000001001000010110100000100001010100
001001000000101110101010110010110000010001010110
000010010001000000001010010101000001000000000000
101000000000000000001010000100111111010110001000
110010100000110000001100010100100000000000100011
100110001000100000000001100100001000010000011001
000110110100101011100101010100110000100000000000
000000100000101000000010101000101011110011001001
000010011010111000000001110000100000000000110000
010101100000011010001001001000100011000100000000
001101110000000101000000110111101000010001001000
000100111001000010000010000010001110000111000100
101000011000010000010001110000010000000000100000
111001110000101010010000010100100000000000000000
010000000000100010001110110000001110000010001000
000101011001010000011100010010101001000001001000
000011101111001101010001000000000000000010000111
010001010011100000001000001100000110011111000100
010000001010010000010110110011100011000000000000
010000001010100011001001000010011001000001000001
000100100000010011000000000000001100000101010010
000100100000110110000000110101000000010000100110
010000101000000000000001100000011001000000110100
101100000000000100010011001010010000101010000001
010010010100100011000011000001000100000010000100
